1 171747
2 174695
3 171251
4 170067
5 175286
6 173026
7 174715
8 173890
9 173807
10 174982
11 177720
12 176306
13 175452
14 176595
15 179423
16 179698
17 176429
18 177891
19 177095
20 178645
21 177707
22 179822
23 179954
24 180324
25 179834
26 181573
27 180469
28 197340
29 190655
30 182049
31 181139
32 393557
33 180945
34 237343
35 181814
36 181959
37 182636
38 227756
39 182472
40 182812
41 183410
42 183411
43 194031
44 186996
45 185306
46 186434
47 190207
48 186902
49 186644
50 186632
51 189907
52 188510
53 188246
54 189484
55 191662
56 190247
57 192943
58 192342
59 203264
60 223791
61 191056
62 208787
63 192771
64 193770
65 204653
66 195880
67 199265
68 195894
69 194324
70 195193
71 198625
72 197661
73 198377
74 198675
75 199634
76 204632
77 202244
78 203445
79 201937
80 203872
81 203012
82 203848
83 206243
84 205378
85 204762
86 209789
87 205084
88 214093
89 212266
90 207323
91 211799
92 207433
93 208738
94 208459
95 210183
96 210043
97 211267
98 210709
99 212125
100 231582
101 213113
102 213134
103 213499
104 214125
105 218776
106 220038
107 216529
108 216272
109 216933
110 217573
111 220268
112 220398
113 219239
114 219847
115 219982
116 227569
117 226662
118 224130
119 384657
120 224679
121 223225
122 225129
123 224661
124 228196
125 227266
126 228343
127 228561
128 228256
129 235899
130 237458
131 229180
132 250746
133 231781
134 230839
135 233698
136 233082
137 241383
138 234023
139 232693
140 233540
141 241984
142 248118
143 233357
144 234342
145 240590
146 235940
147 237971
148 237289
149 239739
150 238428
151 238728
152 239136
153 257876
154 239211
155 239416
156 240850
157 245260
158 241140
159 241872
160 243757
161 242417
162 244546
163 242565
164 243157
165 243084
166 253912
167 249363
168 245542
169 245299
170 261084
171 252076
172 247990
173 247625
174 248279
175 248560
176 249198
177 249942
178 250052
179 250700
180 252945
181 254014
182 255805
183 253256
184 253086
185 254563
186 255356
187 257035
188 257405
189 256070
190 268993
191 259092
192 256930
193 256986
194 261566
195 258176
196 260605
197 260150
198 260251
199 260611
200 261699
201 261289
202 280815
203 263455
204 265882
205 265176
206 267283
207 265355
208 265867
209 266328
210 265295
211 266388
212 276347
213 279866
214 270546
215 268832
216 268117
217 269375
218 272298
219 271846
220 376620
221 274055
222 272117
223 272591
224 273556
225 273923
226 277725
227 274491
228 282931
229 274900
230 277064
231 277371
232 277574
233 276616
234 280069
235 291607
236 279749
237 280174
238 280005
239 285257
240 314829
241 310007
242 283634
243 282814
244 284046
245 284733
246 304169
247 289053
248 286567
249 286735
250 298839
251 288898
252 307353
253 289434
254 290939
255 309934
256 292853
257 305749
258 410478
259 295850
260 299922
261 295639
262 294514
263 294895
264 296624
265 297319
266 295495
267 300280
268 296034
269 297567
270 300713
271 303297
272 298772
273 298666
274 300131
275 313007
276 299104
277 482573
278 421182
279 302593
280 301645
281 303257
282 302784
283 303553
284 303421
285 304633
286 329891
287 305094
288 304781
289 306352
290 306722
291 306351
292 307008
293 306713
294 318165
295 306930
296 307275
297 307755
298 308794
299 315211
300 309122
301 310471
302 311052
303 311662
304 310546
305 313782
306 313253
307 312750
308 313121
309 318060
310 312878
311 313664
312 315167
313 326096
314 314733
315 423673
316 323507
317 317028
318 318185
319 317685
320 318266
321 320124
322 318295
323 318921
324 325167
325 320016
326 321131
327 322092
328 321380
329 323519
330 324630
331 334952
332 322442
333 324385
334 340820
335 325676
336 324572
337 334503
338 325408
339 327454
340 327141
341 328162
342 331456
343 330208
344 328665
345 328654
346 329925
347 332621
348 331618
349 355122
350 333327
351 330858
352 335878
353 334265
354 332708
355 335200
356 344165
357 335607
358 335225
359 336068
360 342225
361 337628
362 358143
363 341167
364 339296
365 346321
366 341721
367 352241
368 340829
369 341812
370 342781
371 345013
372 344557
373 343923
374 347969
375 345064
376 344905
377 347243
378 349151
379 347513
380 348861
381 350395
382 349989
383 349324
384 353707
385 360680
386 349767
387 350869
388 353007
389 357529
390 352789
391 353054
392 353595
393 353114
394 352436
395 355988
396 355419
397 357450
398 356639
399 355680
400 367888
401 357312
402 368698
403 357278
404 357722
405 359038
406 359430
407 359123
408 358664
409 362700
410 359677
411 362380
412 362511
413 361820
414 362760
415 361092
416 362493
417 367006
418 372109
419 362745
420 363585
421 364365
422 365262
423 365865
424 364569
425 373218
426 365533
427 365784
428 369510
429 366710
430 367231
431 389752
432 368274
433 371909
434 388442
435 369397
436 369376
437 369997
438 372063
439 371367
440 370914
441 371112
442 381720
443 372767
444 375775
445 372885
446 371713
447 375726
448 373714
449 375367
450 393699
451 374490
452 377048
453 428952
454 378206
455 378408
456 378124
457 378464
458 381428
459 380459
460 385014
461 381780
462 382209
463 384441
464 381955
465 383363
466 396555
467 383525
468 384657
469 388129
470 384925
471 385254
472 386246
473 386882
474 387473
475 486903
476 387833
477 391474
478 390488
479 389873
480 393518
481 540140
482 388244
483 393025
484 393676
485 393607
486 394217
487 394112
488 394540
489 399618
490 399777
491 395733
492 396369
493 399799
494 420523
495 402716
496 668954
497 766603
498 429252
499 403039
500 401014
501 401827
502 401421
503 414069
504 402365
505 404086
506 404814
507 426999
508 408372
509 431437
510 409077
511 406808
512 408717
513 422558
514 406894
515 406009
516 407333
517 407431
518 421528
519 408196
520 410399
521 410041
522 433853
523 412413
524 422702
525 419102
526 412994
527 414732
528 414052
529 414438
530 414310
531 415157
532 423665
533 416146
534 414826
535 417384
536 417727
537 419064
538 461923
539 429910
540 420823
541 419848
542 420770
543 419976
544 423356
545 420235
546 423333
547 423380
548 422876
549 423482
550 421862
551 433796
552 458951
553 424419
554 424263
555 425623
556 426163
557 426396
558 427096
559 426006
560 428816
561 431209
562 428802
563 430243
564 429520
565 430635
566 440632
567 430564
568 431042
569 438883
570 433232
571 431250
572 431567
573 432276
574 436561
575 432721
576 453972
577 436376
578 433783
579 446982
580 466556
581 437490
582 446920
583 437312
584 437610
585 438093
586 438096
587 438935
588 442766
589 442596
590 442691
591 441892
592 442152
593 446748
594 449510
595 442475
596 507920
597 444403
598 444697
599 443708
600 444698
601 448980
602 446140
603 453217
604 450583
605 448426
606 450010
607 459910
608 449038
609 450193
610 457676
611 450342
612 450384
613 450983
614 452072
615 454891
616 451547
617 454783
618 453917
619 456679
620 467733
621 455827
622 457648
623 461015
624 457571
625 458020
626 460026
627 458875
628 463641
629 460780
630 463053
631 461083
632 466824
633 475227
634 464753
635 467700
636 516117
637 467686
638 465742
639 465401
640 467926
641 467958
642 466297
643 475921
644 467290
645 479810
646 481199
647 471140
648 471592
649 471279
650 474897
651 470740
652 472440
653 476014
654 472921
655 474612
656 485203
657 476557
658 485887
659 474984
660 476454
661 476948
662 478324
663 479938
664 477438
665 477299
666 481736
667 479742
668 483407
669 489580
670 481605
671 494237
672 480020
673 481647
674 480824
675 489300
676 482890
677 483151
678 486325
679 482762
680 484601
681 483592
682 499942
683 512433
684 483670
685 484796
686 502650
687 485227
688 485621
689 486382
690 487919
691 488487
692 487035
693 488107
694 539605
695 513726
696 543947
697 499046
698 500528
699 500962
700 529262
701 527966
702 507959
703 505636
704 500495
705 503159
706 535248
707 535176
708 503485
709 503163
710 537998
711 504451
712 505714
713 504639
714 509059
715 536727
716 598060
717 507886
718 528764
719 733459
720 558238
721 633812
722 700022
723 510643
724 532025
725 707601
726 520353
727 552898
728 691774
729 792576
730 839414
731 1489666
732 534606
733 512108
734 508991
735 508137
736 510579
737 523662
738 509175
739 528919
740 510592
741 510454
742 510948
743 510900
744 516481
745 513132
746 514829
747 515100
748 517964
749 526233
750 515301
751 516623
752 539792
753 517253
754 516701
755 522788
756 520441
757 520785
758 519461
759 520626
760 549105
761 522430
762 522983
763 522850
764 522213
765 522405
766 607002
767 524815
768 524807
769 527308
770 526669
771 538316
772 536777
773 526734
774 526646
775 526587
776 529086
777 527558
778 534789
779 530433
780 530650
781 533880
782 533120
783 547482
784 531051
785 588397
786 535874
787 531917
788 534061
789 542256
790 532951
791 534495
792 534068
793 547816
794 547625
795 533973
796 536865
797 536609
798 536534
799 536776
800 539274
801 536300
802 539483
803 538714
804 541565
805 549696
806 542486
807 540191
808 539768
809 540022
810 540156
811 543914
812 542123
813 544134
814 542253
815 552847
816 553354
817 543848
818 545537
819 544634
820 544204
821 559205
822 549432
823 546161
824 548092
825 547511
826 551625
827 561419
828 548224
829 610541
830 550907
831 550140
832 550126
833 554691
834 563512
835 553352
836 553945
837 555986
838 560988
839 555060
840 558064
841 556253
842 555609
843 556321
844 559171
845 567439
846 558985
847 558302
848 562418
849 565770
850 559181
851 566320
852 559313
853 560379
854 561870
855 563767
856 563087
857 562450
858 565053
859 584344
860 3358983
861 564727
862 575708
863 568406
864 593988
865 578697
866 569258
867 569780
868 570198
869 568929
870 657477
871 999569
872 664470
873 583942
874 599908
875 1083067
876 744640
877 1046014
878 883198
879 750945
880 597801
881 601211
882 593411
883 589396
884 590216
885 604202
886 592036
887 594209
888 602363
889 592702
890 596585
891 608436
892 597457
893 591184
894 590121
895 599788
896 591578
897 591433
898 598818
899 629910
900 601250
901 600393
902 602534
903 593676
904 600707
905 707939
906 591983
907 592819
908 599817
909 591807
910 593372
911 608133
912 603839
913 593232
914 593271
915 599705
916 593947
917 598274
918 594281
919 617776
920 603919
921 598052
922 604062
923 652909
924 598135
925 597637
926 596899
927 602324
928 598299
929 603232
930 599655
931 610791
932 607785
933 602407
934 604124
935 602073
936 613079
937 604910
938 604512
939 605635
940 605592
941 610942
942 612013
943 606670
944 605143
945 1135142
946 1584014
947 607087
948 613669
949 616799
950 605841
951 609605
952 646852
953 607412
954 611374
955 609381
956 610893
957 615719
958 627193
959 625853
960 612339
961 612993
962 612125
963 618682
964 617161
965 614922
966 616626
967 617402
968 627178
969 615242
970 617435
971 619528
972 616336
973 617039
974 621977
975 618927
976 621673
977 622453
978 636723
979 621140
980 622368
981 622796
982 622094
983 635867
984 627145
985 626184
986 626931
987 637905
988 636885
989 626302
990 739428
991 628756
992 626620
993 640165
994 629052
995 628777
996 635401
997 640008
998 636331
999 632000
1000 630811
1001 631252
1002 635719
1003 633117
1004 637378
1005 635774
1006 657697
1007 633817
1008 635656
1009 637243
1010 636422
1011 637786
1012 641562
1013 640835
1014 639331
1015 666052
1016 648882
1017 892635
1018 642371
1019 641242
1020 643194
1021 649388
1022 643926
1023 643234
1024 647617
1025 673489
1026 646818
1027 646418
1028 646135
1029 646615
1030 650873
1031 653345
1032 650254
1033 649236
1034 685299
1035 762072
1036 650318
1037 649761
1038 649834
1039 655267
1040 656483
1041 651172
1042 652924
1043 662271
1044 653205
1045 663091
1046 653047
1047 654045
1048 657181
1049 661470
1050 656302
1051 656387
1052 699007
1053 658122
1054 660703
1055 656761
1056 656895
1057 661150
1058 657983
1059 663442
1060 661811
1061 671940
1062 660026
1063 665899
1064 660154
1065 661006
1066 665728
1067 664072
1068 666027
1069 717191
1070 795204
1071 678803
1072 686007
1073 749323
1074 703291
1075 686072
1076 681960
1077 713948
1078 712955
1079 693483
1080 684582
1081 687771
1082 684261
1083 709103
1084 759973
1085 698639
1086 906136
1087 694899
1088 913171
1089 690449
1090 705315
1091 892697
1092 717487
1093 913814
1094 951289
1095 1993432
1096 714093
1097 683142
1098 678912
1099 680803
1100 686374
1101 688507
1102 757776
1103 681438
1104 683817
1105 683282
1106 685094
1107 686352
1108 753704
1109 688030
1110 710938
1111 686771
1112 687026
1113 687523
1114 691999
1115 688614
1116 689189
1117 699565
1118 839118
1119 689429
1120 693666
1121 697621
1122 691628
1123 695619
1124 694090
1125 695750
1126 709295
1127 1164686
1128 762926
1129 842306
1130 719895
1131 710821
1132 721136
1133 746058
1134 735173
1135 709154
1136 740258
1137 738125
1138 755256
1139 717491
1140 704778
1141 1051031
1142 858422
1143 724745
1144 714978
1145 722829
1146 718879
1147 716178
1148 723080
1149 732969
1150 742749
1151 751505
1152 732927
1153 706456
1154 1245771
1155 706797
1156 708764
1157 721682
1158 723915
1159 710352
1160 709409
1161 709508
1162 718359
1163 710279
1164 712174
1165 713196
1166 732628
1167 716372
1168 713588
1169 716550
1170 717114
1171 731204
1172 716712
1173 716614
1174 740107
1175 722690
1176 716935
1177 715327
1178 715878
1179 727787
1180 719444
1181 720950
1182 726152
1183 729021
1184 776736
1185 720710
1186 723873
1187 728019
1188 722530
1189 723372
1190 731047
1191 733276
1192 727776
1193 728274
1194 727802
1195 731450
1196 727377
1197 728806
1198 730629
1199 741320
1200 730611
1201 730660
1202 729560
1203 756293
1204 732673
1205 733564
1206 735321
1207 747146
1208 742251
1209 734075
1210 747734
1211 787738
1212 756223
1213 741204
1214 735669
1215 757384
1216 737686
1217 749184
1218 737445
1219 740294
1220 742381
1221 752231
1222 741163
1223 744883
1224 749899
1225 749393
1226 743312
1227 743229
1228 749524
1229 745806
1230 748630
1231 768066
1232 753815
1233 749551
1234 747835
1235 748550
1236 753775
1237 750333
1238 760512
1239 752956
1240 759753
1241 751163
1242 751401
1243 752656
1244 755862
1245 754719
1246 755782
1247 757775
1248 763264
1249 759916
1250 755578
1251 756500
1252 760086
1253 768123
1254 760168
1255 792776
1256 758775
1257 770505
1258 759718
1259 764547
1260 761362
1261 766261
1262 763944
1263 774293
1264 815996
1265 774731
1266 763761
1267 766763
1268 781331
1269 771071
1270 772105
1271 774234
1272 768034
1273 768111
1274 768271
1275 772302
1276 770934
1277 770483
1278 772069
1279 777985
1280 770668
1281 772258
1282 770359
1283 774218
1284 773684
1285 774079
1286 883272
1287 774242
1288 773605
1289 775675
1290 778301
1291 774977
1292 776493
1293 801513
1294 788167
1295 778289
1296 778752
1297 788701
1298 781057
1299 800218
1300 778396
1301 787964
1302 787747
1303 781870
1304 781472
1305 791260
1306 785617
1307 802698
1308 786677
1309 801817
1310 785735
1311 786425
1312 784682
1313 791173
1314 787351
1315 807611
1316 803507
1317 794989
1318 788897
1319 788728
1320 801588
1321 1224597
1322 795596
1323 797980
1324 802751
1325 793846
1326 793085
1327 793413
1328 796559
1329 797859
1330 805169
1331 817643
1332 806885
1333 798943
1334 798123
1335 815610
1336 801119
1337 805363
1338 806074
1339 815211
1340 854832
1341 801186
1342 804003
1343 815302
1344 805799
1345 816529
1346 814293
1347 806805
1348 805118
1349 806151
1350 811238
1351 808264
1352 806477
1353 809469
1354 820452
1355 808820
1356 807155
1357 810858
1358 813008
1359 811206
1360 816882
1361 1377265
1362 7707538
1363 936690
1364 1195857
1365 826798
1366 1411945
1367 1484825
1368 1222176
1369 848155
1370 834229
1371 846416
1372 847507
1373 843460
1374 835344
1375 838693
1376 835215
1377 837214
1378 860435
1379 840409
1380 833086
1381 829637
1382 833386
1383 838701
1384 835989
1385 835260
1386 841918
1387 933552
1388 826176
1389 830197
1390 842378
1391 833407
1392 845170
1393 846305
1394 830972
1395 830671
1396 833733
1397 830935
1398 832999
1399 837321
1400 842791
1401 888993
1402 840566
1403 840563
1404 836088
1405 847125
1406 840231
1407 865409
1408 834173
1409 841280
1410 838705
1411 841179
1412 848324
1413 842130
1414 2321517
1415 837300
1416 841797
1417 839540
1418 840542
1419 842571
1420 866054
1421 842594
1422 846229
1423 896156
1424 846578
1425 848445
1426 863061
1427 857368
1428 845646
1429 852949
1430 849106
1431 846716
1432 850143
1433 851839
1434 858053
1435 850337
1436 859990
1437 852272
1438 850865
1439 854184
1440 864263
1441 860503
1442 852700
1443 855065
1444 857709
1445 854912
1446 856566
1447 879395
1448 867042
1449 962163
1450 856049
1451 861189
1452 858599
1453 859980
1454 861009
1455 867343
1456 860457
1457 865147
1458 864064
1459 862348
1460 862795
1461 894736
1462 862434
1463 865319
1464 864660
1465 868300
1466 865938
1467 866384
1468 878213
1469 1166859
1470 868279
1471 879601
1472 867176
1473 880352
1474 872734
1475 888806
1476 870907
1477 875663
1478 879453
1479 873043
1480 877137
1481 876503
1482 988654
1483 874434
1484 873535
1485 878338
1486 880907
1487 879872
1488 879793
1489 887144
1490 878692
1491 881241
1492 882607
1493 880613
1494 885884
1495 904792
1496 884187
1497 881176
1498 883262
1499 891661
1500 884537
1501 888873
1502 892858
1503 887071
1504 885090
1505 889705
1506 888649
1507 887160
1508 893048
1509 905863
1510 889330
1511 889870
1512 894626
1513 903015
1514 902288
1515 895018
1516 907388
1517 892924
1518 892890
1519 896335
1520 904641
1521 900258
1522 903023
1523 899280
1524 896123
1525 899419
1526 896194
1527 900676
1528 908871
1529 908091
1530 899207
1531 897741
1532 925622
1533 900324
1534 901136
1535 903451
1536 964076
1537 908048
1538 902986
1539 907642
1540 905203
1541 908805
1542 914923
1543 908971
1544 905292
1545 909397
1546 921394
1547 915303
1548 911031
1549 1054938
1550 919558
1551 909447
1552 911570
1553 913357
1554 914549
1555 1224757
1556 1160639
1557 915704
1558 917470
1559 912741
1560 927459
1561 935209
1562 911664
1563 915161
1564 918804
1565 917330
1566 917702
1567 920464
1568 927383
1569 916940
1570 918800
1571 921190
1572 921678
1573 928600
1574 929414
1575 920849
1576 921224
1577 926509
1578 923511
1579 945066
1580 926083
1581 936269
1582 923226
1583 936529
1584 926995
1585 942660
1586 935093
1587 936570
1588 931922
1589 939435
1590 930819
1591 939629
1592 934813
1593 954006
1594 930922
1595 930393
1596 934988
1597 934021
1598 935082
1599 935586
1600 996929
1601 935105
1602 935016
1603 939609
1604 937749
1605 942491
1606 951908
1607 940701
1608 940092
1609 944937
1610 941346
1611 943197
1612 953852
1613 951250
1614 941092
1615 955987
1616 942687
1617 946495
1618 947099
1619 957448
1620 945916
1621 945725
1622 964520
1623 994668
1624 967177
1625 966958
1626 949484
1627 949650
1628 960339
1629 951792
1630 956592
1631 961799
1632 953410
1633 953725
1634 956394
1635 955934
1636 958145
1637 958885
1638 964055
1639 955525
1640 959145
1641 960821
1642 958588
1643 982886
1644 979619
1645 961062
1646 958916
1647 974675
1648 963296
1649 969707
1650 972779
1651 975747
1652 962516
1653 968619
1654 968849
1655 971649
1656 994404
1657 975966
1658 964950
1659 971240
1660 967733
1661 971158
1662 981225
1663 1027836
1664 969010
1665 973511
1666 971881
1667 972481
1668 976200
1669 981980
1670 970419
1671 977271
1672 974974
1673 976155
1674 977967
1675 985963
1676 974890
1677 976373
1678 977376
1679 987975
1680 980071
1681 987414
1682 987284
1683 978300
1684 983257
1685 991268
1686 997579
1687 995469
1688 984595
1689 980263
1690 985451
1691 989676
1692 989607
1693 993711
1694 983727
1695 982945
1696 988623
1697 987125
1698 993156
1699 995860
1700 986775
1701 987455
1702 992696
1703 990547
1704 1004098
1705 1000513
1706 991615
1707 991633
1708 995367
1709 992915
1710 1004219
1711 1001933
1712 1005799
1713 1002095
1714 998434
1715 997009
1716 1019216
1717 1006024
1718 997111
1719 997640
1720 1001575
1721 1001107
1722 1009027
1723 1060865
1724 1018424
1725 998962
1726 1003194
1727 1002522
1728 1011932
1729 1012244
1730 1002264
1731 1002841
1732 1008188
1733 1006070
1734 1013592
1735 1014802
1736 1025344
1737 1005221
1738 1012119
1739 1008789
1740 1022772
1741 3744765
1742 1012568
1743 1034001
1744 1053122
1745 1015409
1746 1063796
1747 1519928
1748 1084643
1749 1287819
1750 1589516
1751 1662781
1752 1460405
1753 1197549
1754 1175428
1755 1064344
1756 1042713
1757 1036665
1758 1043400
1759 1045992
1760 1033217
1761 1034492
1762 1032875
1763 1033471
1764 1034918
1765 1049983
1766 1122195
1767 1034502
1768 1046267
1769 1035019
1770 1174547
1771 1037990
1772 1027877
1773 1034103
1774 1042245
1775 1037384
1776 1099714
1777 1031375
1778 1051948
1779 1028797
1780 1037898
1781 1038367
1782 1041402
1783 1036342
1784 1038630
1785 1042257
1786 1037990
1787 1061411
1788 1047711
1789 1036754
1790 1056662
1791 1906023
1792 1505424
1793 1177989
1794 1058386
1795 1068145
1796 1117495
1797 1086571
1798 1112579
1799 1054794
1800 1402331
1801 1211568
1802 1074043
1803 1074656
1804 1071706
1805 1065216
1806 1083375
1807 1098361
1808 1063617
1809 1496799
1810 1050695
1811 1061299
1812 1056934
1813 1051074
1814 1163335
1815 1053862
1816 1054087
1817 1053240
1818 1055344
1819 1060274
1820 1053896
1821 1056520
1822 1064918
1823 1054760
1824 1066892
1825 1078709
1826 1062306
1827 1059197
1828 1183831
1829 1082305
1830 1110950
1831 1308198
1832 1069699
1833 1058667
1834 1066204
1835 1065809
1836 1069544
1837 1059616
1838 1065480
1839 1063023
1840 1066998
1841 1205567
1842 1063166
1843 1072772
1844 1067454
1845 1070726
1846 1067124
1847 1074958
1848 1064861
1849 1071833
1850 1067036
1851 1072255
1852 1079423
1853 1080931
1854 1069829
1855 1080280
1856 1075012
1857 1090245
1858 1080412
1859 1073425
1860 1097589
1861 1077588
1862 1076854
1863 1082282
1864 1083431
1865 1074860
1866 1081168
1867 1079445
1868 1092475
1869 1086305
1870 1077963
1871 1083627
1872 1079637
1873 1081594
1874 1083582
1875 1089804
1876 1079073
1877 1090642
1878 1082460
1879 1108160
1880 1093056
1881 1083216
1882 1085880
1883 1093839
1884 1088617
1885 1092730
1886 1148748
1887 1086238
1888 1091527
1889 1099689
1890 1110804
1891 1109486
1892 1088782
1893 1093288
1894 1096217
1895 1093544
1896 1095482
1897 1239450
1898 1091404
1899 1100078
1900 1100423
1901 1116259
1902 1704218
1903 1095000
1904 1102080
1905 1100060
1906 1110141
1907 1132700
1908 1097309
1909 1101849
1910 1107259
1911 1107769
1912 1115499
1913 1104171
1914 1100840
1915 1146957
1916 1117227
1917 1104441
1918 1110587
1919 1111236
1920 1108436
1921 1118871
1922 1124613
1923 1119010
1924 1108104
1925 1109605
1926 1107537
1927 1143499
1928 1105882
1929 1123391
1930 1107832
1931 1126506
1932 1114918
1933 1125887
1934 1124835
1935 1109158
1936 1116019
1937 1112818
1938 1125494
1939 1173799
1940 1114109
1941 1121326
1942 1119002
1943 1125213
1944 1109079
1945 1127409
1946 1123474
1947 1122140
1948 1122835
1949 1133355
1950 1130388
1951 1121137
1952 1124084
1953 1124336
1954 1127057
1955 1132169
1956 1123607
1957 1125152
1958 1123331
1959 1129815
1960 1190118
1961 1138084
1962 1124234
1963 1129745
1964 1131765
1965 1139398
1966 1139711
1967 1127389
1968 1134948
1969 1131265
1970 1142206
1971 1139664
1972 1130996
1973 1143906
1974 1138149
1975 1148034
1976 1154285
1977 1134302
1978 1139459
1979 1140164
1980 1137749
1981 1139599
1982 1272292
1983 1186941
1984 1141020
1985 1141114
1986 1150378
1987 1159732
1988 1143072
1989 1148288
1990 1145513
1991 1144065
1992 1208848
1993 1142257
1994 1146590
1995 1146943
1996 1149951
1997 1164306
1998 1151091
1999 1153253
2000 1158594
2001 1154136
2002 1155958
2003 1157343
2004 1152497
2005 1161235
2006 1153142
2007 1152308
2008 1166975
2009 1152269
2010 1159725
2011 1156077
2012 1171070
2013 1169604
2014 1153881
2015 1158799
2016 1161731
2017 1158618
2018 1174584
2019 1155324
2020 1163141
2021 1161627
2022 1166610
2023 1169175
2024 1159297
2025 1165927
2026 1173100
2027 1176899
2028 1172631
2029 1170610
2030 1167732
2031 1168805
2032 1180302
2033 1164914
2034 1184596
2035 1170441
2036 1170397
2037 1177647
2038 1175566
2039 1176046
2040 1170129
2041 1192140
2042 1167366
2043 1222649
2044 1178652
2045 1171651
2046 1174572
2047 1172288
2048 1175343
